9 8 8 9 10 11 12 13 14 15 16 17 18 19 20 21 22 
8 7 7 8 9 10 11 12 13 14 15 16 17 18 19 20 21 
7 6 6 7 8 9 10 11 12 13 14 15 16 17 18 19 20 
6 5 5 6 7 8 9 10 11 12 13 14 15 16 17 18 19 
5 4 4 5 6 7 8 9 10 11 12 13 14 15 16 17 18 
4 3 3 4 5 6 7 8 9 10 11 12 13 14 15 16 17 
3 2 2 3 4 5 6 7 8 9 10 11 12 13 14 15 16 
2 1 1 2 3 4 5 6 7 8 9 10 11 12 13 14 15 
1 -1 -1 1 2 3 4 5 6 7 8 9 10 11 12 13 14 
2 1 1 2 3 4 5 6 7 8 9 10 11 12 13 14 15 
3 2 2 3 4 5 6 7 8 9 10 11 12 13 14 15 16 
4 3 3 4 5 6 7 8 9 10 11 12 13 14 15 16 17 
5 4 4 5 6 7 8 9 10 11 12 13 14 15 -2 17 18 
6 5 5 6 7 8 9 10 11 12 13 14 15 16 17 18 19 
7 6 6 7 8 9 10 11 12 13 14 15 16 17 18 19 20 
5 4 3 3 4 5 6 7 8 9 10 11 12 13 14 15 16 17 18 19 20 21 22 23 24 25 26 27 28 29 30 31 32 33 34 35 36 37 38 39 
6 5 4 4 5 6 7 8 9 10 11 12 13 14 15 16 17 18 19 20 21 22 23 24 25 26 27 28 29 30 31 32 33 34 35 36 37 38 39 40 
7 6 5 5 6 7 8 9 10 11 12 13 14 15 16 17 18 19 20 21 22 23 24 25 26 27 28 29 30 31 32 33 34 35 36 37 38 39 40 41 
8 7 6 6 7 8 9 10 11 12 13 14 15 16 17 18 19 20 21 22 23 24 25 26 27 28 29 30 31 32 33 34 35 36 37 38 39 40 41 42 
9 8 7 7 8 9 10 11 12 13 14 15 16 17 18 19 20 21 22 23 24 25 26 27 28 29 30 31 32 33 34 35 36 37 38 39 40 41 42 43 
10 9 8 8 9 10 11 12 13 14 15 16 17 18 19 20 21 22 23 24 25 26 27 28 29 30 31 32 33 34 35 36 37 38 39 40 41 42 43 44 
11 10 9 9 10 11 12 13 14 15 16 17 18 19 20 21 22 23 24 25 26 27 28 29 30 31 32 33 34 35 36 37 38 39 40 41 42 43 44 45 
12 11 10 10 11 12 13 14 15 16 17 18 19 20 21 22 23 24 25 26 27 28 29 30 31 32 33 34 35 36 37 38 39 40 41 42 43 44 45 46 
13 12 11 11 12 13 14 15 16 17 18 19 20 21 22 23 24 25 26 27 28 29 30 31 32 33 34 35 36 37 38 39 40 41 42 43 44 45 46 47 
14 13 12 12 13 14 15 16 17 18 19 20 21 22 23 24 25 26 27 28 29 30 31 32 33 34 35 36 37 38 39 40 41 42 43 44 45 46 47 48 
15 14 13 13 14 15 16 17 18 19 20 21 22 23 24 25 26 27 28 29 30 31 32 33 34 35 36 37 38 39 40 41 42 43 44 45 46 47 48 49 
16 15 14 14 15 16 17 18 19 20 21 22 23 24 25 26 27 28 29 30 31 32 33 34 35 36 37 38 39 40 41 42 43 44 45 46 47 48 49 50 
17 16 15 15 16 17 18 19 20 21 22 23 24 25 26 27 28 29 30 31 32 33 34 35 36 37 38 39 40 41 42 43 44 45 46 47 48 49 50 51 
18 17 16 16 17 18 19 20 21 22 23 24 25 26 27 28 29 30 31 32 33 34 35 36 37 38 39 40 41 42 43 44 -2 46 47 48 49 50 51 52 
19 18 17 17 18 19 20 21 22 23 24 25 26 27 28 29 30 31 32 33 34 35 36 37 38 39 40 41 42 43 44 45 46 47 48 49 50 51 52 53 
20 19 18 18 19 20 21 22 23 24 25 26 27 28 29 30 31 32 33 34 35 36 37 38 39 40 41 42 43 44 45 46 47 48 49 50 51 52 53 54 
21 20 19 19 20 21 22 23 24 25 26 27 28 29 30 31 32 33 34 35 36 37 38 39 40 41 42 43 44 45 46 47 48 49 50 51 52 53 54 55 
22 21 20 20 21 22 23 24 25 26 27 28 29 30 31 32 33 34 35 36 37 38 39 40 41 42 43 44 45 46 47 48 49 50 51 52 53 54 55 56 

